Klasse,minimumSteigungWert,maximumSteigungWert,minimumSenkungWert,maximumSenkungWert,steigungA,steigungB,steigungC,senkungA,senkungB,senkungC,mittelA,mittelB,mittelC,gesamtA,gesamtB,gesamtC,fftAnfangMedian,fftAnfangMittel,fftAnfangPSD,fftMitteMedian,fftMitteMittel,fftMittePSD,fftEndeMedian,fftEndeMittel,fftEndePSD,fftGesamtMedian,fftGesamtMittel,fftGesamtPSD,mittelwert,signalstärke,varianz,standardabweichung,energie,kurtosis,schiefe,zeroCrossings,laenge,maximalwert,minimalwert,minimumSteigungWert,maximumSteigungWert,minimumSenkungWert,maximumSenkungWert,steigungA,steigungB,steigungC,senkungA,senkungB,senkungC,mittelA,mittelB,mittelC,gesamtA,gesamtB,gesamtC,fftAnfangMedian,fftAnfangMittel,fftAnfangPSD,fftMitteMedian,fftMitteMittel,fftMittePSD,fftEndeMedian,fftEndeMittel,fftEndePSD,fftGesamtMedian,fftGesamtMittel,fftGesamtPSD,mittelwert,signalstärke,varianz,standardabweichung,energie,kurtosis,schiefe,zeroCrossings,laenge,maximalwert,minimalwert
Finger1,null,null,null,null,null,null,null,null,null,null,null,null,null,null,null,null,null,null,null,null,null,null,null,null,null,null,null,null,null,null,null,null,null,null,null,null,null,null,null,75.69244599474874,402.9635027297834,153.77358570652785,435.5113502102968,165.36852131300452,95.5939011150632,-8.152038765666617,165.36852131300452,95.5939011150632,-8.152038765666617,165.36852131300452,95.5939011150632,-8.152038765666617,165.36852131300452,95.5939011150632,-8.152038765666617,1.0,1.393349151223166,446858.6137911063,0.0,0.34985556741612567,8977980.669899983,1.0,0.828405585034199,4.7992104725224696E7,0.0,0.0,0.0,493.57714214285716,4337.6845524255305,220098.98212215843,469.1470794134377,1567570.9004910619,-1.652889884408847,-0.43359643261598574,1.0,14.0,956.8268,-204.43726
Finger1,null,null,null,null,null,null,null,null,null,null,null,null,null,null,null,null,null,null,null,null,null,null,null,null,null,null,null,null,null,null,null,null,null,null,null,null,null,null,null,41.36019268023633,234.67240886112393,91.03240855404687,271.00558293076045,273.14918927580374,-6.654088973999023,-6.654090881347656,273.14918927580374,-6.654088973999023,-6.654090881347656,273.14918927580374,-6.654088973999023,-6.654090881347656,273.14918927580374,-6.654088973999023,-6.654090881347656,1.0,0.9541804261107115,1624692.0137170753,0.0,0.0,872668.8806895505,1.0,0.8531332033895631,1.5505230684294423E7,0.0,0.0,0.0,322.4526510714286,2414.5624376973974,41694.33131318597,204.19189825550367,500251.32720898185,-1.717512555267074,0.05564136786071682,0.0,14.0,617.8436,59.317017
Finger1,191.1699144569408,665.828311975538,114.32616041158418,776.1157852814447,671.4254812506833,-133.85831666374952,7.43072531489031,147.4583588536425,36.40651776554648,-0.8200845847452101,147.4583588536425,36.40651776554648,-0.8200845847452101,147.4583588536425,36.40651776554648,-0.8200845847452101,2.0,3.663372186656932,2.6131027228196028E8,0.0,0.0,7082033.87392281,1.0,0.8475198652808864,1.342707345031548E8,0.0,0.0,0.0,-37.11620031578952,16784.213050195143,986160.1493402745,993.0559648581113,9272533.88049575,-1.1325859115965091,0.0663563846710959,3.0,38.0,1566.7145,-1742.9535,89.25696852511086,234.3429255164501,86.37733744761992,283.9659983018605,196.69815471394736,2.5840803730379207,-0.3248592763655669,196.69815471394736,2.5840803730379207,-0.3248592763655669,196.69815471394736,2.5840803730379207,-0.3248592763655669,196.69815471394736,2.5840803730379207,-0.3248592763655669,3.0,2.384822241074939,45166.370982923894,0.0,0.35488968715399727,3150468.311500648,0.0,0.0,0.0,0.0,0.0,0.0,90.42703169565215,3944.9889409590646,128669.5893142569,358.70543530068915,784345.7372491797,-1.415255216214313,0.26130224195313256,2.0,23.0,672.9309,-379.06494
Finger1,null,null,null,null,null,null,null,null,null,null,null,null,null,null,null,null,null,null,null,null,null,null,null,null,null,null,null,null,null,null,null,null,null,null,null,null,null,null,null,69.84683287089874,258.29943165368775,75.79438179570865,280.31612007905215,264.33970727277233,-28.79920110930459,1.3448743908201912,264.33970727277233,-28.79920110930459,1.3448743908201912,264.33970727277233,-28.79920110930459,1.3448743908201912,264.33970727277233,-28.79920110930459,1.3448743908201912,3.0,4.1038737496321245,4.225941062972357E7,0.0,0.0,729838.7928943608,0.0,0.0,0.0,0.0,0.0,0.0,45.41595616666665,4918.227656990857,122377.69188685631,349.8252304892492,920175.5916612553,-1.3886649796605353,0.26189508835437225,2.0,30.0,663.8672,-386.71875
Finger1,null,null,null,null,null,null,null,null,null,null,null,null,null,null,null,null,null,null,null,null,null,null,null,null,null,null,null,null,null,null,null,null,null,null,null,null,null,null,null,63.51258594685225,190.17094114830155,86.21110229669218,222.96002747167114,207.43490486591554,-4.426521996582402,0.024177247524697548,207.43490486591554,-4.426521996582402,0.024177247524697548,207.43490486591554,-4.426521996582402,0.024177247524697548,207.43490486591554,-4.426521996582402,0.024177247524697548,0.0,0.7999237853565264,552247.2638539415,0.0,0.3353012186232826,4084848.0106598884,0.0,0.0,0.0,0.0,0.0,0.0,-16.60784130955414,9250.53883176515,30603.071535448616,174.93733602478522,1216269.20865557,2.5939445434092523,0.1274070184387204,16.0,157.0,527.1057,-533.85315
Finger1,null,null,null,null,null,null,null,null,null,null,null,null,null,null,null,null,null,null,null,null,null,null,null,null,null,null,null,null,null,null,null,null,null,null,null,null,null,null,null,41.30621465921598,151.0685111890754,80.9165175620257,191.4800087326026,61.00315755507586,-0.4606438918406983,0.0012413783892512974,61.00315755507586,-0.4606438918406983,0.0012413783892512974,61.00315755507586,-0.4606438918406983,0.0012413783892512974,61.00315755507586,-0.4606438918406983,0.0012413783892512974,25.0,34.33184718612987,1.9380093909777126E8,0.0,0.35204006258447673,1141284.4329530604,0.0,0.0,0.0,0.0,0.0,0.0,-2.154636316448862,10986.786443043962,9085.222000083742,95.3164309029862,796432.0740905008,6.500930360426317,1.2805007682431482,34.0,352.0,480.2765,-343.11218
Finger1,185.52353148235667,407.9853602555086,82.76541908780959,430.9070731905461,267.6271978153113,-3.668141515593817,0.043655337421395934,267.6271978153113,-3.668141515593817,0.043655337421395934,267.6271978153113,-3.668141515593817,0.043655337421395934,267.6271978153113,-3.668141515593817,0.043655337421395934,11.0,17.952250601042433,9.832163273289292E8,0.0,0.804015007199178,3.5989721809261054E7,0.0,0.0,0.0,0.0,0.0,0.0,56.19307500891089,23277.015744803084,246656.31418653816,496.64505855443497,6330240.351361332,-1.3203871685577948,0.1533657396604742,5.0,101.0,966.8976,-688.64136,null,null,null,null,null,null,null,null,null,null,null,null,null,null,null,null,null,null,null,null,null,null,null,null,null,null,null,null,null,null,null,null,null,null,null,null,null,null,null
Finger1,127.0756414073485,365.97976033778895,130.83459790602802,389.9742401238677,127.7065366390575,51.99568488336217,-2.078125816701686,127.7065366390575,51.99568488336217,-2.078125816701686,127.7065366390575,51.99568488336217,-2.078125816701686,127.7065366390575,51.99568488336217,-2.078125816701686,1.0,0.9441128673904379,6879549.639755426,0.0,0.3558694066266694,7483536.785354991,0.0,0.0,0.0,0.0,0.0,0.0,-488.3035070882352,4831.061138947943,120579.46922510286,347.24554601190044,1531697.9707562441,-0.8228637353080157,0.733237756288816,1.0,17.0,226.08948,-884.61914,77.60147621369858,388.5836784178618,43.12864372598228,420.0159803442062,189.40548769292332,-3.607244303390331,0.05906090564430633,188.15432632818056,-3.639455378839955,0.06269982806579133,188.15432632818056,-3.639455378839955,0.06269982806579133,188.15432632818056,-3.639455378839955,0.06269982806579133,15.0,18.16317238964718,4.0128022899566185E8,0.0,0.0,2150060.9104339597,0.0,0.0,0.0,0.0,0.0,0.0,-64.30868740789474,12921.571309167164,165706.38534059466,407.0704918568707,3200624.086675603,-0.5285598001529288,-0.9425680035860161,5.0,76.0,399.9115,-940.31067
Finger1,null,null,null,null,null,null,null,null,null,null,null,null,null,null,null,null,null,null,null,null,null,null,null,null,null,null,null,null,null,null,null,null,null,null,null,null,null,null,null,77.42016094169534,222.4164103446182,59.06902405785694,253.3948281502935,51.087228372450454,58.33427428293868,-4.052549067085106,51.087228372450454,58.33427428293868,-4.052549067085106,51.087228372450454,58.33427428293868,-4.052549067085106,51.087228372450454,58.33427428293868,-4.052549067085106,1.0,1.0111518822239833,314949.3943232184,0.0,0.3351861031965178,5279513.41641988,1.0,0.8306420280046487,1.477689479063395E7,0.0,0.0,0.0,-308.2483291875,2792.347725237179,55018.821632643,234.56091241433,592991.9130376739,-1.6459564358168697,0.14811103193201589,1.0,16.0,47.03064,-606.76575
Finger1,111.04180734099768,356.9462581655096,65.89872908697626,412.56180216986843,69.88611069286867,1.3464847684706456,-0.0034060762586399784,69.88611069286867,1.3464847684706456,-0.0034060762586399784,69.88611069286867,1.3464847684706456,-0.0034060762586399784,69.88611069286867,1.3464847684706456,-0.0034060762586399784,25.0,34.98756406775837,2.2325379983071446E9,0.0,0.35226960725731,8233409.436361939,1.0,0.8382415568826063,3.872987262269738E7,0.0,0.0,0.0,18.238780255222235,27705.03355178307,147427.76127374923,383.96322906464525,6637583.887438355,-0.0767723174469368,0.2974323198891621,12.0,180.0,891.4673,-807.98035,null,null,null,null,null,null,null,null,null,null,null,null,null,null,null,null,null,null,null,null,null,null,null,null,null,null,null,null,null,null,null,null,null,null,null,null,null,null,null
Finger1,148.0124963209204,490.88112957128044,78.48896216998004,584.7168291214983,382.15283840743405,-2.825440473426653,0.03139839786370979,382.15283840743405,-2.825440473426653,0.03139839786370979,382.15283840743405,-2.825440473426653,0.03139839786370979,382.15283840743405,-2.825440473426653,0.03139839786370979,14.0,18.893343511389908,1.41208101120602E9,0.0,0.0,0.0,1.0,0.8403023303553264,7.780111483770135E7,0.0,0.0,0.0,-115.9639805705128,26194.742078445255,531495.8306603662,729.0376057929839,1.058482228108437E7,-1.2485194885063184,0.09209876557289906,4.0,78.0,1164.5874,-1365.7013,42.60036204674307,193.92585966879898,107.33593512106313,206.8726221101307,166.4545222496481,-1.2974271036520975,0.005597856026414716,166.4545222496481,-1.2974271036520975,0.005597856026414716,166.4545222496481,-1.2974271036520975,0.005597856026414716,166.4545222496481,-1.2974271036520975,0.005597856026414716,22.0,33.8879236526854,4.795659588191794E9,0.0,0.0,87783.5923863616,0.0,0.0,0.0,0.0,0.0,0.0,-4.584988757598418,30988.954711049573,126999.09703042937,356.3693267249994,8030822.023818524,3.1981995823651044,-0.8408954357982824,25.0,254.0,891.568,-1372.5494
Finger1,null,null,null,null,null,null,null,null,null,null,null,null,null,null,null,null,null,null,null,null,null,null,null,null,null,null,null,null,null,null,null,null,null,null,null,null,null,null,null,215.97022738763002,534.753255888319,182.36521130247962,622.2391462496031,157.49167771302837,119.49711252869747,-8.09795214892344,157.49167771302837,119.49711252869747,-8.09795214892344,0.0,0.0,0.0,157.49167771302837,119.49711252869747,-8.09795214892344,1.0,1.0225001610765478,1.743753341418092E7,0.0,0.35518599132025575,1.936801151114694E7,1.0,0.8379866420160382,9.00644507796878E7,0.0,0.0,0.0,-804.8458118750001,6818.059683762045,180154.08905803924,424.445625561201,3304477.271198911,-1.694652606053058,0.15478591966309774,0.0,16.0,-198.29407,-1355.4291
Finger1,null,null,null,null,null,null,null,null,null,null,null,null,null,null,null,null,null,null,null,null,null,null,null,null,null,null,null,null,null,null,null,null,null,null,null,null,null,null,null,206.3243238328647,432.31331480548096,151.36012147792937,458.80755713714126,67.81176086698497,55.38139077516064,-2.24139393345947,67.81176086698497,55.38139077516064,-2.24139393345947,67.81176086698497,55.38139077516064,-2.24139393345947,67.81176086698497,55.38139077516064,-2.24139393345947,3.0,3.627830821477502,7906629.357941678,0.0,0.362646041727593,8637431.367984597,0.0,0.0,0.0,0.0,0.0,0.0,355.3298979954546,6863.704695129593,306293.40546884993,553.4378063241162,2415121.281307433,-1.6302683234100415,-0.23851675981502363,3.0,22.0,1094.4946,-487.22534
Finger1,null,null,null,null,null,null,null,null,null,null,null,null,null,null,null,null,null,null,null,null,null,null,null,null,null,null,null,null,null,null,null,null,null,null,null,null,null,null,null,114.54687045715572,391.1879679759272,78.16426876301757,422.54478513033575,441.0970434718835,-8.272533416748047,-8.272533416748047,441.0970434718835,-8.272533416748047,-8.272533416748047,441.0970434718835,-8.272533416748047,-8.272533416748047,441.0970434718835,-8.272533416748047,-8.272533416748047,21.0,31.349805056053793,1.6367717629252965E9,0.0,0.0,0.0,0.0,0.0,0.0,0.0,0.0,0.0,-22.671213407419362,11434.055124838485,50538.39953746778,224.8074721566607,2404697.13196506,8.460219908831634,0.9736923837830425,16.0,186.0,958.6395,-860.3485
Finger1,null,null,null,null,null,null,null,null,null,null,null,null,null,null,null,null,null,null,null,null,null,null,null,null,null,null,null,null,null,null,null,null,null,null,null,null,null,null,null,97.1415724389366,362.4687185200035,63.01413199360486,378.29648065300336,39.32111970545179,101.45241213407542,-7.759332825231773,39.32111970545179,101.45241213407542,-7.759332825231773,39.32111970545179,101.45241213407542,-7.759332825231773,39.32111970545179,101.45241213407542,-7.759332825231773,2.0,1.590442905221447,78973.81041868162,0.0,0.0,1140426.877077444,1.0,0.8403999332809675,3.7630039175006494E7,0.0,0.0,0.0,389.4378662142857,3427.7715966055966,142119.41450885142,376.9872869326649,1025702.1307817722,-1.716107811442653,0.015340746348911029,1.0,14.0,897.20764,-79.35791
Finger1,110.21383307634721,371.704681466826,118.16575385355002,383.64831170372094,148.82209570955752,-0.2742046405255252,0.009353024938951182,148.82209570955752,-0.2742046405255252,0.009353024938951182,148.82209570955752,-0.2742046405255252,0.009353024938951182,148.82209570955752,-0.2742046405255252,0.009353024938951182,13.0,17.329305275765392,7.342280212466345E8,0.0,0.3568692955773364,6154982.361116625,0.0,0.0,0.0,0.0,0.0,0.0,-32.99194370434781,19997.055913020908,155347.11582535744,394.140984706434,4498732.355585879,-0.2956443912232962,0.19498185133232093,5.0,115.0,923.89526,-890.4602,106.1107052802915,295.87611649498325,117.53425960344671,318.0618153152066,334.69626988239025,-5.976737976074219,-5.976739883422852,124.97429720992704,66.05842885967922,-5.948410874321084,334.69626988239025,-5.976737976074219,-5.976739883422852,124.97429720992704,66.05842885967922,-5.948410874321084,3.0,2.0562096182563345,63574.55537548062,0.0,0.0,1007123.24015809,1.0,0.8420347663438891,2.4723353772484835E7,0.0,0.0,0.0,-354.25203823076924,2910.7562477250676,97100.72652826358,311.60989478555325,734487.9972636166,-1.5402399459127467,0.25812914338906534,1.0,13.0,138.77563,-743.3258
Finger1,null,null,null,null,null,null,null,null,null,null,null,null,null,null,null,null,null,null,null,null,null,null,null,null,null,null,null,null,null,null,null,null,null,null,null,null,null,null,null,249.02563960133625,574.9843426487232,225.33537608837491,654.096775435278,229.99113423701056,123.45681586355363,-9.344318274623191,229.99113423701056,123.45681586355363,-9.344318274623191,229.99113423701056,123.45681586355363,-9.344318274623191,229.99113423701056,123.45681586355363,-9.344318274623191,2.0,1.580755217659654,1192877.7252144895,0.0,0.35589045992602236,2.0337627160837438E7,0.0,0.0,0.0,0.0,0.0,0.0,-746.5954742666667,6928.349632785691,432808.5480874684,657.8818648416054,3611524.7728000907,-1.0248149772597095,0.6679597042439371,1.0,15.0,556.1096,-1439.9231
Finger1,83.45940234165275,303.6020128379241,103.3486960279542,338.47601227162255,307.1552881045792,-48.90800016559615,0.6898684378284088,307.1552881045792,-48.90800016559615,0.6898684378284088,307.1552881045792,-48.90800016559615,0.6898684378284088,307.1552881045792,-48.90800016559615,0.6898684378284088,2.0,1.472992050035187,299026.888850373,0.0,0.0,1438154.8714379028,1.0,0.8317653892892849,2.7779444366391994E7,0.0,0.0,0.0,369.83577071428573,3223.3867336319227,111060.76718361504,333.25780888617606,853407.5711155906,-1.4533883434757129,-0.4456707356700512,1.0,14.0,732.44934,-201.91956,152.00798126844154,383.5645565477049,87.71884290816922,426.11629975718876,26.221430846495196,0.6044477539450313,0.0014805595369665747,26.221430846495196,0.6044477539450313,0.0014805595369665747,26.221430846495196,0.6044477539450313,0.0014805595369665747,26.221430846495196,0.6044477539450313,0.0014805595369665747,24.0,35.65900385738271,2.4230108338480186E9,0.0,0.0,2285930.3291528355,1.0,0.841801303084211,4.542224393700434E7,0.0,0.0,0.0,-23.830032114285718,26480.07740670469,99826.75864089874,315.95372863901883,5668413.466966267,1.7599824893622529,-1.0424640926820672,21.0,224.0,639.39514,-1095.8038
Finger1,83.42118574456327,205.05487840078064,122.30184176436555,222.86318784133644,145.48363079758747,1.9547521020093654,-0.0768323131074009,145.48363079758747,1.9547521020093654,-0.0768323131074009,145.48363079758747,1.9547521020093654,-0.0768323131074009,145.48363079758747,1.9547521020093654,-0.0768323131074009,3.0,4.490961530796311,5.7972989061498635E7,0.0,0.36200573815276266,1686497.4720854685,1.0,0.8411061769684572,1.3576978487986758E7,0.0,0.0,0.0,28.768919196296306,4137.738847216031,106680.74133108766,326.62017900167723,702497.1352132999,-1.5079126107281635,0.09341663470107633,2.0,27.0,562.4542,-435.86426,97.16012919711547,308.9558462802676,67.98131881839917,331.3085883191181,311.8882649255903,-49.608030237693924,1.2045020229537613,311.8882649255903,-49.608030237693924,1.2045020229537613,311.8882649255903,-49.608030237693924,1.2045020229537613,0.0,0.0,0.0,3.0,4.402269277598963,8461383.334057096,0.0,0.0,1295274.3414414402,1.0,0.8310014024257262,2.83387387302131E7,7.0,9.256108525104189,1.3356541791811654E8,-94.76358563157895,4996.1260610081545,95129.06082903617,308.429993400506,995630.2046506477,-0.6852072923631298,-0.8576667263331559,2.0,38.0,256.5033,-734.6649
Finger1,147.11337132065213,325.81068902368486,226.4624066901458,358.9991414573217,461.29983977824827,-22.52190367217156,0.4532447750888311,461.29983977824827,-22.52190367217156,0.4532447750888311,461.29983977824827,-22.52190367217156,0.4532447750888311,461.29983977824827,-22.52190367217156,0.4532447750888311,2.0,3.6194635889860765,3.79641707260351E8,0.0,0.0,0.0,0.0,0.0,0.0,0.0,0.0,0.0,-129.18771348974352,9922.22551229998,333627.2629724885,577.6047636338265,3316667.0494472543,-1.3410476185529985,-0.06772612059559643,2.0,39.0,789.8529,-954.6112,122.59979393010954,397.8698114404648,113.16643523558379,467.3925912132533,92.28205799325247,100.04597743853753,-7.347129480520493,92.28205799325247,100.04597743853753,-7.347129480520493,92.28205799325247,100.04597743853753,-7.347129480520493,92.28205799325247,100.04597743853753,-7.347129480520493,0.0,0.0,0.0,0.0,0.0,2639722.5521172895,1.0,0.8510470722175176,4.692187079550288E7,0.0,0.0,0.0,-476.5637182666667,4431.722079139776,191424.58144727573,437.52094972386834,1551502.411466963,-1.484937053352796,0.2553946225465814,1.0,15.0,194.66858,-1043.1335
Finger1,null,null,null,null,null,null,null,null,null,null,null,null,null,null,null,null,null,null,null,null,null,null,null,null,null,null,null,null,null,null,null,null,null,null,null,null,null,null,null,46.59640997639501,170.66149150462826,74.99438095422423,224.4829032035803,74.02528326252491,15.200305811779458,-0.5046317229914745,74.02528326252491,15.200305811779458,-0.5046317229914745,74.02528326252491,15.200305811779458,-0.5046317229914745,74.02528326252491,15.200305811779458,-0.5046317229914745,2.0,3.6634987851728393,5.4325378785804525E7,0.0,0.0,0.0,1.0,0.8230080565879317,9298768.611268513,0.0,0.0,0.0,12.430724799999995,4515.767136548023,103692.85760784749,322.0137537557169,754369.116277557,-1.5539913695145915,0.3203460834078678,2.0,30.0,531.7383,-387.2223
Finger1,129.6682834771229,313.42394407428526,134.78634808242475,338.0297417557355,47.50152469863497,3.3005216007580174,-0.01200819291319144,47.50152469863497,3.3005216007580174,-0.01200819291319144,47.50152469863497,3.3005216007580174,-0.01200819291319144,47.50152469863497,3.3005216007580174,-0.01200819291319144,29.0,36.38226858687421,6.281185821844038E9,0.0,0.0,1202552.39549025,1.0,0.8479406299813874,2.8754279824635018E7,0.0,0.0,0.0,7.26313048160921,37036.364876664484,258115.36374313728,508.05055234999725,1.1196033939953227E7,-0.37470004024889514,0.664673593827738,9.0,174.0,1326.828,-874.74976,134.49904084518369,275.52578723858016,89.71744670402809,314.41920322028915,119.51276523423167,-3.8456947338257237,0.06215488139179981,119.51276523423167,-3.8456947338257237,0.06215488139179981,119.51276523423167,-3.8456947338257237,0.06215488139179981,119.51276523423167,-3.8456947338257237,0.06215488139179981,18.0,20.378789270380594,2.1558562899317855E8,0.0,0.0,865908.39515316,0.0,0.0,0.0,0.0,0.0,0.0,-19.558613215555543,10206.982695095534,72659.4029612911,269.5540817002983,1676810.3347803068,0.13484327744374713,-0.5474060876909039,6.0,90.0,560.13794,-756.61926
Finger1,87.98579234129485,374.6827474883572,99.51054068222699,397.8827692492685,417.54307160652206,-4.570919036865234,-4.5709228515625,417.54307160652206,-4.570919036865234,-4.5709228515625,417.54307160652206,-4.570919036865234,-4.5709228515625,417.54307160652206,-4.570919036865234,-4.5709228515625,2.0,1.5126819865053522,373084.54345527396,0.0,0.0,1597152.0207110397,0.0,0.0,0.0,0.0,0.0,0.0,433.5263931428571,3701.357555262794,151054.53722658448,388.6573519523135,1162318.5348811587,-1.5222879522203125,-0.27860008192029295,1.0,14.0,908.48694,-217.93213,63.52778521458616,259.23229671559176,148.50638902461782,263.05579729393344,265.7433190884808,-64.8152584093175,4.547713545922193,265.7433190884808,-64.8152584093175,4.547713545922193,265.7433190884808,-64.8152584093175,4.547713545922193,255.23026036206466,-3.8460363120941423,0.017388134184564627,26.0,35.36752175022394,1.8326865612052543E9,0.0,0.35674650321112533,2729767.216520931,0.0,0.0,0.0,0.0,0.0,0.0,-39.85128967593583,18439.67335936375,69244.58890105053,263.1436658957432,3247939.6267693667,1.6138220670306316,-1.1821462551834578,15.0,187.0,414.51416,-902.6459
Finger1,null,null,null,null,null,null,null,null,null,null,null,null,null,null,null,null,null,null,null,null,null,null,null,null,null,null,null,null,null,null,null,null,null,null,null,null,null,null,null,96.77669355565607,211.46525377115242,100.53330464041571,152.04924186561377,107.16071404385877,-4.360860002968295,0.04870006523052167,107.16071404385877,-4.360860002968295,0.04870006523052167,107.16071404385877,-4.360860002968295,0.04870006523052167,107.16071404385877,-4.360860002968295,0.04870006523052167,0.0,0.0,0.0,1.0,1.7740069206475395,3.575559351267942E7,2.0,2.31018963873133,5347534.364475147,0.0,0.0,0.0,-20.821380302232154,7397.051535686768,37041.20560216278,192.4609196750415,1048198.866249523,1.6690541714915144,-0.8104728848542362,13.0,112.0,467.38586,-561.145
Finger1,null,null,null,null,null,null,null,null,null,null,null,null,null,null,null,null,null,null,null,null,null,null,null,null,null,null,null,null,null,null,null,null,null,null,null,null,null,null,null,336.3148439616016,550.4208576262421,99.04813654995526,557.8556736382225,575.1967870811095,-150.3606287704515,19.376310011853263,575.1967870811095,-150.3606287704515,19.376310011853263,575.1967870811095,-150.3606287704515,19.376310011853263,575.1967870811095,-150.3606287704515,19.376310011853263,1.0,2.0687692529567765,7034428.477361115,0.0,0.35617782697323974,1.4343549205294259E7,0.0,0.0,0.0,0.0,0.0,0.0,-335.1394622083333,7564.848140806562,401215.19943436084,633.4155029949621,3140331.764637718,-1.6769267032070307,-0.3325406996768924,1.0,24.0,362.95166,-1275.769
Finger1,null,null,null,null,null,null,null,null,null,null,null,null,null,null,null,null,null,null,null,null,null,null,null,null,null,null,null,null,null,null,null,null,null,null,null,null,null,null,null,89.67586875620925,240.88631592896613,78.07890226642543,268.9178832538887,89.50000295343443,5.483949034873206,-0.06286305319770946,240.7325532907737,-28.509257084509386,-0.34542878483753725,89.50000295343443,5.483949034873206,-0.06286305319770946,89.50000295343443,5.483949034873206,-0.06286305319770946,2.0,3.518819402848837,4.873285240823339E7,0.0,0.33577664035846083,5763877.556798585,0.0,0.0,0.0,0.0,0.0,0.0,-35.171508333333364,5129.871860189613,113046.44775264988,336.2238060468799,944916.1897982414,-1.254962518433817,-0.6133154071576434,2.0,33.0,360.63538,-659.9396
Finger1,null,null,null,null,null,null,null,null,null,null,null,null,null,null,null,null,null,null,null,null,null,null,null,null,null,null,null,null,null,null,null,null,null,null,null,null,null,null,null,36.06602561925369,150.2124032636855,65.23685233397819,184.92200603521775,105.22435708878987,-1.4059376465415223,0.005325709470815489,105.22435708878987,-1.4059376465415223,0.005325709470815489,105.22435708878987,-1.4059376465415223,0.005325709470815489,105.22435708878987,-1.4059376465415223,0.005325709470815489,1.0,1.7602443321402579,1.9500222530485928E7,0.0,0.35505703445718795,768353.4605055801,20.0,32.4884005739712,4.444023532259971E8,0.0,0.0,0.0,-6.990467299917355,9469.531940172641,12135.844270735586,110.16280801947445,737008.5805714078,4.52166376315706,0.5181323337637737,28.0,242.0,493.87207,-332.83997
Finger1,null,null,null,null,null,null,null,null,null,null,null,null,null,null,null,null,null,null,null,null,null,null,null,null,null,null,null,null,null,null,null,null,null,null,null,null,null,null,null,76.65438728983511,254.85003840295144,120.1826766215795,310.7056521541466,117.97234734071185,57.69381510825451,-2.234541434616517,117.97234734071185,57.69381510825451,-2.234541434616517,117.97234734071185,57.69381510825451,-2.234541434616517,117.97234734071185,57.69381510825451,-2.234541434616517,1.0,1.3338738302734625,97162.09725697082,0.0,0.3351116537529711,8296093.282738523,1.0,0.8268497309288461,2.1266029950367037E7,0.0,0.0,0.0,-383.2208240666667,3359.2434202143095,85649.14021952364,292.65874362390684,847242.2399749476,-0.7924277708765959,0.7217597942879679,1.0,15.0,225.88806,-738.1897
Finger1,132.1336092336193,368.88752240765905,75.73461596292711,420.39082676225695,375.87029565413525,-78.93116066505968,5.777095614525166,375.87029565413525,-78.93116066505968,5.777095614525166,375.87029565413525,-78.93116066505968,5.777095614525166,375.87029565413525,-78.93116066505968,5.777095614525166,0.0,0.0,0.0,0.0,0.35516176654484727,8863435.310618188,1.0,0.8378583642859193,4.117143531342763E7,0.0,0.0,0.0,0.0,0.0,0.0,0.0,0.0,0.0,0.0,0.0,0.0,0.0,0.0,null,null,null,null,null,null,null,null,null,null,null,null,null,null,null,null,null,null,null,null,null,null,null,null,null,null,null,null,null,null,null,null,null,null,null,null,null,null,null
Finger1,null,null,null,null,null,null,null,null,null,null,null,null,null,null,null,null,null,null,null,null,null,null,null,null,null,null,null,null,null,null,null,null,null,null,null,null,null,null,null,58.68083322738954,219.42831144880685,90.95252366264585,260.107255026475,267.2288954809,-7.5819854736328125,-7.5819854736328125,267.2288954809,-7.5819854736328125,-7.5819854736328125,267.2288954809,-7.5819854736328125,-7.5819854736328125,267.2288954809,-7.5819854736328125,-7.5819854736328125,23.0,34.80951797262744,1.9915379553020446E9,0.0,0.0,697679.6815037285,0.0,0.0,0.0,0.0,0.0,0.0,-59.42891442833334,11770.453825779408,39790.51319004865,199.47559547485665,1557974.5020575966,0.32186647013471736,-0.33720590584462184,9.0,144.0,554.09546,-599.7162
Finger1,null,null,null,null,null,null,null,null,null,null,null,null,null,null,null,null,null,null,null,null,null,null,null,null,null,null,null,null,null,null,null,null,null,null,null,null,null,null,null,127.42823919323537,404.9547766706461,219.3163629513784,445.23652174598897,234.72354262007843,78.42051256568925,-8.405331397035738,234.72354262007843,78.42051256568925,-8.405331397035738,234.72354262007843,78.42051256568925,-8.405331397035738,234.72354262007843,78.42051256568925,-8.405331397035738,3.0,2.6712060106642688,197191.20956335284,0.0,NaN,0.0,1.0,0.8303092755398828,4.7848715317657225E7,0.0,0.0,0.0,475.4089358333334,3739.338656223593,221879.4737698929,471.0408408725223,1294859.805655258,-1.4506184263502646,-0.5304651473952968,1.0,12.0,954.00696,-332.0343
Finger1,null,null,null,null,null,null,null,null,null,null,null,null,null,null,null,null,null,null,null,null,null,null,null,null,null,null,null,null,null,null,null,null,null,null,null,null,null,null,null,91.12661400143126,231.30894627839004,58.01889673918685,250.43111187206983,101.10640206246916,-1.92856867443259,0.009160253279267484,101.10640206246916,-1.92856867443259,0.009160253279267484,101.10640206246916,-1.92856867443259,0.009160253279267484,101.10640206246916,-1.92856867443259,0.009160253279267484,25.0,35.96641571146461,1.451214985664277E8,0.0,0.0,0.0,1.0,0.836053504572442,1.643841921420243E7,0.0,0.0,0.0,-17.237474360497746,8195.816692552367,14712.282232104537,121.29419702568023,846190.3493490046,7.8928998426923656,-1.7157250131026776,26.0,221.0,330.42297,-578.4668
Finger1,182.16577029765426,456.2773725599157,127.36875284921362,536.2373430480444,467.90273438651775,-19.101344527702054,0.4068611791916492,467.90273438651775,-19.101344527702054,0.4068611791916492,467.90273438651775,-19.101344527702054,0.4068611791916492,467.90273438651775,-19.101344527702054,0.4068611791916492,6.0,8.312565605118051,1.2878650081462445E9,0.0,0.0,3771570.8258355623,0.0,0.0,0.0,0.0,0.0,0.0,-81.33850354761901,12897.497360085647,525132.1857549613,724.6600484054309,5493808.701111458,-0.8563977109349117,-0.09545260898943826,2.0,42.0,1162.2711,-1409.9121,67.43982218608592,341.2061341256228,117.81297178362233,421.33552652993507,345.47158443971387,-85.18811421289558,5.735837760554318,256.03495825656887,-7.890448719610347,0.08295801130370617,345.47158443971387,-85.18811421289558,5.735837760554318,256.03495825656887,-7.890448719610347,0.08295801130370617,13.0,17.329955072880068,1.372127226934259E9,0.0,0.0,0.0,0.0,0.0,0.0,0.0,0.0,0.0,-37.63985744095237,15357.388950131557,131896.65949460166,363.17579695596686,3463150.692519861,0.3613989804937243,0.07843065188728854,10.0,105.0,940.31067,-781.79626
Finger1,null,null,null,null,null,null,null,null,null,null,null,null,null,null,null,null,null,null,null,null,null,null,null,null,null,null,null,null,null,null,null,null,null,null,null,null,null,null,null,218.29153579962025,545.3380431742861,209.90117279523318,606.1569238929075,461.92856200918914,-12.982531462807515,0.33129128426929455,0.0,0.0,0.0,626.4743630543672,-9.122684478759766,-9.122684478759766,0.0,0.0,0.0,2.0,3.7450314359909114,4.037564205748581E8,0.0,0.0,3215229.3424087237,1.0,0.8540493090099112,9.172088668443736E7,0.0,0.0,0.0,-46.334074694444425,13389.986463836487,682917.5169626263,826.3882362198933,6107229.796792743,-1.1848338718792637,0.0444866810978086,4.0,36.0,1457.3456,-1282.1136
Finger1,null,null,null,null,null,null,null,null,null,null,null,null,null,null,null,null,null,null,null,null,null,null,null,null,null,null,null,null,null,null,null,null,null,null,null,null,null,null,null,112.82471587033167,493.4730551936358,200.98632448231865,550.8043630255429,241.4928723070159,111.90600100946631,-12.05486617368058,241.4928723070159,111.90600100946631,-12.05486617368058,241.4928723070159,111.90600100946631,-12.05486617368058,0.0,0.0,0.0,1.0,1.0745647235293485,2237218.7763697784,0.0,NaN,0.0,1.0,0.8533025272596324,6.986198308087334E7,0.0,0.0,0.0,463.25683391666666,4183.948252841514,432670.01325539465,657.7765678825863,1747864.534079363,-1.5773007294589112,-0.16183119083627862,1.0,12.0,1358.551,-537.47864
Finger1,null,null,null,null,null,null,null,null,null,null,null,null,null,null,null,null,null,null,null,null,null,null,null,null,null,null,null,null,null,null,null,null,null,null,null,null,null,null,null,40.478237014361,185.6113109211969,53.96515991669139,232.45771770150807,59.273761756800354,-1.341979022227747,0.03974924591044604,59.273761756800354,-1.341979022227747,0.03974924591044604,59.273761756800354,-1.341979022227747,0.03974924591044604,59.273761756800354,-1.341979022227747,0.03974924591044604,13.0,17.79193191975016,1.75063175156313E8,0.0,0.36192982446005517,1731453.9345982908,1.0,0.8356050761349179,1.1713843600877011E7,0.0,0.0,0.0,28.67728614594595,6022.345978560431,37816.48080553576,194.46460039178277,710798.2162713122,0.666872441653287,0.6567786970297458,7.0,74.0,607.97424,-329.21448
Finger1,185.93793943752388,623.6655498580321,107.78671828935222,715.2424118589536,215.89237237781458,-2.343390112454159,0.017768654428596542,215.89237237781458,-2.343390112454159,0.017768654428596542,215.89237237781458,-2.343390112454159,0.017768654428596542,215.89237237781458,-2.343390112454159,0.017768654428596542,24.0,35.06448871477115,3.434108686861181E9,0.0,0.35321150260154366,2.239811404406838E7,0.0,0.0,0.0,23.0,36.046480098957375,8.544032422668162E9,26.192419947133743,27900.35277752925,247895.9197328734,497.89147385034966,9765865.050065571,2.182022418412833,0.8790962359424473,10.0,157.0,1641.1377,-1128.2318,151.45032530166003,485.55361338118115,164.85345152985659,513.3064115913776,302.02327414344995,-7.551788991555327,0.054042353888963446,302.02327414344995,-7.551788991555327,0.054042353888963446,302.02327414344995,-7.551788991555327,0.054042353888963446,302.02327414344995,-7.551788991555327,0.054042353888963446,31.0,40.038218686057434,1.7230352536638122E9,0.0,0.0,2970857.5276127043,1.0,0.8317766523060296,6.410771054237671E7,0.0,0.0,0.0,-41.233720292876725,19647.42819607451,126130.94788010341,355.149191017104,4663141.23127983,1.511933517544442,-1.3093342967403807,11.0,146.0,481.485,-1222.998
Finger1,null,null,null,null,null,null,null,null,null,null,null,null,null,null,null,null,null,null,null,null,null,null,null,null,null,null,null,null,null,null,null,null,null,null,null,null,null,null,null,115.06466952994268,427.03685366240575,182.57918820617212,525.2529998652354,179.34789245794332,103.28094155886345,-8.787073419831799,179.34789245794332,103.28094155886345,-8.787073419831799,179.34789245794332,103.28094155886345,-8.787073419831799,179.34789245794332,103.28094155886345,-8.787073419831799,1.0,0.9587586543678492,3575708.1345952544,0.0,0.0,2795431.3484839224,0.0,0.0,0.0,0.0,0.0,0.0,589.3936144285715,4712.8230472190235,196898.93663668598,443.7329564464262,1864586.9906237074,-0.9478613382322276,-0.2025317546837476,1.0,14.0,1258.1451,-270.60242
Finger1,78.33594809307942,247.9609999593057,66.82784628515148,294.2726031872626,206.28424138029095,-17.043274992901672,0.6723698364035613,93.93508345154623,5.354210938828857,-0.10514074414106744,206.28424138029095,-17.043274992901672,0.6723698364035613,93.93508345154623,5.354210938828857,-0.10514074414106744,4.0,5.006233767464479,1.2602619815332983E7,0.0,0.0,829562.5602105624,0.0,0.0,0.0,0.0,0.0,0.0,-24.32712551219511,5913.975317009173,100217.18646867477,316.5709817223852,1025082.3833012114,-0.9204363392782531,-0.44830339862999824,3.0,41.0,383.99963,-692.46826,null,null,null,null,null,null,null,null,null,null,null,null,null,null,null,null,null,null,null,null,null,null,null,null,null,null,null,null,null,null,null,null,null,null,null,null,null,null,null
Finger1,203.17341384830803,480.61356519719686,188.00790127586706,516.8288497618797,170.48226110423002,100.57724200609096,-7.199677513188263,170.48226110423002,100.57724200609096,-7.199677513188263,170.48226110423002,100.57724200609096,-7.199677513188263,170.48226110423002,100.57724200609096,-7.199677513188263,1.0,0.8405604994036391,8856628.664402993,0.0,0.35463283420899394,1.2249570226378191E7,1.0,0.8381202319060551,7.192913640474601E7,0.0,0.0,0.0,-719.47815,5810.17165302172,119693.55186823076,345.96755898238604,2470859.723622645,-1.720520048630511,0.14785529966305772,0.0,15.0,-251.87073,-1158.2428,null,null,null,null,null,null,null,null,null,null,null,null,null,null,null,null,null,null,null,null,null,null,null,null,null,null,null,null,null,null,null,null,null,null,null,null,null,null,null
Finger1,null,null,null,null,null,null,null,null,null,null,null,null,null,null,null,null,null,null,null,null,null,null,null,null,null,null,null,null,null,null,null,null,null,null,null,null,null,null,null,157.94557196034359,341.3309913582707,105.13472092837029,391.6682407709363,123.85712237017538,-0.5478751130819468,0.0020406622320862378,123.85712237017538,-0.5478751130819468,0.0020406622320862378,123.85712237017538,-0.5478751130819468,0.0020406622320862378,123.85712237017538,-0.5478751130819468,0.0020406622320862378,54.0,74.28172381592879,1.414257687800631E10,0.0,0.0,1875607.49059524,1.0,0.845799158710598,3.5970938923345394E7,0.0,0.0,0.0,-28.991603687073862,39293.159718023264,94071.7875819419,306.7112446291168,8383721.738720079,3.7260111660847137,0.7800342439808593,31.0,352.0,1325.9216,-972.94006
Finger1,39.65323212295062,212.9547082013894,126.38850980672986,224.6831920960878,185.27908630163142,-4.500787408742799,0.028145240406585503,185.27908630163142,-4.500787408742799,0.028145240406585503,185.27908630163142,-4.500787408742799,0.028145240406585503,185.27908630163142,-4.500787408742799,0.028145240406585503,22.0,33.26259048536,3.906471402939438E8,0.0,0.35888653550373284,1940702.6315311124,0.0,0.0,0.0,0.0,0.0,0.0,-2.7638054939999805,10462.764335236709,34673.20043841195,186.20741241532772,1364836.934418057,1.587144765672047,0.02587355578476843,16.0,160.0,540.7013,-517.73987,254.8389007209208,430.7253310828857,128.66552248016276,442.72486292485826,266.62659661812654,-2.706377067510843,0.013591318995311075,266.62659661812654,-2.706377067510843,0.013591318995311075,266.62659661812654,-2.706377067510843,0.013591318995311075,266.62659661812654,-2.706377067510843,0.013591318995311075,23.0,35.24537217178479,4.0421499926948204E9,0.0,0.33400465979439276,1.6552681875688177E7,1.0,1.8765485096078576,3.7934648651198834E7,0.0,0.0,0.0,-31.369240206217633,33632.073497414414,190753.43460338784,436.7532880281359,9364819.105173957,-0.1366308734609496,-0.6002107222453612,14.0,193.0,911.911,-1167.1051
Finger1,null,null,null,null,null,null,null,null,null,null,null,null,null,null,null,null,null,null,null,null,null,null,null,null,null,null,null,null,null,null,null,null,null,null,null,null,null,null,null,84.70445702954696,270.9065689458953,111.7769956580877,314.9183961075956,249.8071695148501,-0.7210618380009919,-0.21613087126033115,249.8071695148501,-0.7210618380009919,-0.21613087126033115,249.8071695148501,-0.7210618380009919,-0.21613087126033115,249.8071695148501,-0.7210618380009919,-0.21613087126033115,3.0,2.307560214131221,28720.072451030537,0.0,0.33452336159648016,8720021.116652586,0.0,0.0,0.0,0.0,0.0,0.0,-179.98012739259264,5151.4733415754135,142676.99862361385,377.72608941349796,1153387.4523788558,-1.4133592249947193,0.05997474438179512,2.0,27.0,401.12,-696.19446
Finger1,null,null,null,null,null,null,null,null,null,null,null,null,null,null,null,null,null,null,null,null,null,null,null,null,null,null,null,null,null,null,null,null,null,null,null,null,null,null,null,64.98088822356584,590.8202952174257,259.97058860677043,584.6816421909054,256.4557351051192,87.54348635330825,-1.1203306441091172,256.4557351051192,87.54348635330825,-1.1203306441091172,256.4557351051192,87.54348635330825,-1.1203306441091172,256.4557351051192,87.54348635330825,-1.1203306441091172,0.0,0.0,0.0,1.0,1.7918955541094213,7.27428855188374E8,0.0,0.8092523854954154,9.062044195570928E7,2.0,3.8305022132591553,1.8885000965297666E9,934.4612137500003,12615.71803287186,402539.4226777735,634.4599456843383,7450832.303260227,-0.12830629515675973,-1.2469544489562245,1.0,24.0,1317.865,-464.86816
Finger1,null,null,null,null,null,null,null,null,null,null,null,null,null,null,null,null,null,null,null,null,null,null,null,null,null,null,null,null,null,null,null,null,null,null,null,null,null,null,null,67.13168511338789,206.08318997381747,52.64881257475141,244.75762601909824,139.34187399993903,5.238562820577158,-0.32284574982674386,139.34187399993903,5.238562820577158,-0.32284574982674386,139.34187399993903,5.238562820577158,-0.32284574982674386,139.34187399993903,5.238562820577158,-0.32284574982674386,30.0,37.906778693218484,2.695185111639289E8,0.0,0.0,456911.2955705797,3.0,4.755998786122328,5.556876136821647E7,0.0,0.0,0.0,-9.101555834033153,11865.091036572749,29754.699072753345,172.49550450012703,1359631.7401400835,1.4427374657126704,0.5323172219598672,15.0,181.0,596.1914,-444.82727
Finger1,48.7462497228296,253.8043519519278,92.42088018078937,280.85142191423637,255.5256916252044,-58.244958878284194,3.2884079568178635,263.07764818270607,1.405904173269093,-0.01583852180209172,255.5256916252044,-58.244958878284194,3.2884079568178635,263.07764818270607,1.405904173269093,-0.01583852180209172,0.0,0.0,0.0,0.0,0.3588090148158055,2876781.763600985,0.0,0.0,0.0,0.0,0.0,0.0,-41.98297496025644,38186.60004374063,374739.77000213537,612.1599219175781,1.458931300543807E7,-0.03598466733956851,0.2412800013361975,12.0,156.0,1506.6925,-1274.9634,55.29852264369646,258.91461091089667,106.7120902308804,288.4745277856343,134.41929673216828,-6.002580428276346,0.07576338905550173,134.41929673216828,-6.002580428276346,0.07576338905550173,134.41929673216828,-6.002580428276346,0.07576338905550173,134.41929673216828,-6.002580428276346,0.07576338905550173,21.0,23.257409463979148,5.294624806659674E7,0.0,NaN,0.0,0.0,0.0,0.0,0.0,0.0,0.0,-30.373316718478257,6585.651969705059,38229.249563546655,195.52301543180704,887516.2007429813,1.4962893354622766,-1.159314183846164,11.0,92.0,305.95093,-637.381
Finger1,null,null,null,null,null,null,null,null,null,null,null,null,null,null,null,null,null,null,null,null,null,null,null,null,null,null,null,null,null,null,null,null,null,null,null,null,null,null,null,195.9257722389969,397.06987248089524,191.06043458339016,482.7860519340123,0.0,0.0,0.0,184.8570583676958,-0.8741205583661618,0.0017132496243932455,184.8570583676958,-0.8741205583661618,0.0017132496243932455,0.0,0.0,0.0,56.0,73.01742106140695,2.409831017774355E10,0.0,0.3338728960687745,2.1676568657995768E7,0.0,0.0,0.0,0.0,0.0,0.0,0.0,0.0,0.0,0.0,0.0,0.0,0.0,0.0,0.0,0.0,0.0
Finger1,148.25663065533948,551.0182508399367,115.61392045234165,586.0284115868637,277.22058776337417,-1.4375417234631342,0.005785364258680176,277.22058776337417,-1.4375417234631342,0.005785364258680176,277.22058776337417,-1.4375417234631342,0.005785364258680176,277.22058776337417,-1.4375417234631342,0.005785364258680176,27.0,37.59477911821391,4.298763031972611E9,0.0,0.0,2131200.85468689,1.0,0.8419539006067763,9.370027392558251E7,0.0,0.0,0.0,16.867279132347814,49213.78176705475,251066.3318273742,501.06519718233693,1.4459771811232496E7,-0.17828369037778158,0.32173432704905636,17.0,230.0,1426.9318,-1064.8865,39.73151810939151,278.25603233310056,139.15831767112513,344.51661899955883,347.9874958885809,-11.33956527709961,-11.33956527709961,162.01214443865,63.22614606515049,-6.514929483406448,162.01214443865,63.22614606515049,-6.514929483406448,162.01214443865,63.22614606515049,-6.514929483406448,0.0,0.8152074560409892,1568337.3072416086,0.0,0.0,1299633.4250149156,0.0,0.0,0.0,0.0,0.0,0.0,418.2713453846154,2803.0931081901135,62546.976564773,250.09393548179654,742161.3116323182,-1.6563996622866446,0.2549358991695528,0.0,13.0,793.4784,131.72607
Finger1,null,null,null,null,null,null,null,null,null,null,null,null,null,null,null,null,null,null,null,null,null,null,null,null,null,null,null,null,null,null,null,null,null,null,null,null,null,null,null,234.00452920114213,411.56332390692893,149.94045354599024,448.9197776813463,173.30412815598675,85.57870881901431,-6.559100159567549,173.30412815598675,85.57870881901431,-6.559100159567549,173.30412815598675,85.57870881901431,-6.559100159567549,173.30412815598675,85.57870881901431,-6.559100159567549,1.0,1.2316302752727069,473092.2725571864,0.0,0.35437184164526886,8565574.839191198,0.0,0.0,0.0,1.0,1.7566732635561275,1.330169758076864E8,506.13686285714294,4842.017267761303,239770.44475660322,489.6636036674599,1814029.1992639694,-1.426796597386539,-0.5190691681643497,1.0,14.0,1063.1744,-344.5221
Finger1,110.96938610253157,367.8452958476399,142.52105142781775,396.89221109631546,0.0,0.0,0.0,44.012166901235446,-0.09347343590480828,4.333045923466365E-5,44.012166901235446,-0.09347343590480828,4.333045923466365E-5,44.012166901235446,-0.09347343590480828,4.333045923466365E-5,0.0,0.0,0.0,0.0,0.0,0.0,0.0,0.0,0.0,0.0,0.0,0.0,0.0,0.0,0.0,0.0,0.0,0.0,0.0,0.0,0.0,0.0,0.0,null,null,null,null,null,null,null,null,null,null,null,null,null,null,null,null,null,null,null,null,null,null,null,null,null,null,null,null,null,null,null,null,null,null,null,null,null,null,null
Finger1,null,null,null,null,null,null,null,null,null,null,null,null,null,null,null,null,null,null,null,null,null,null,null,null,null,null,null,null,null,null,null,null,null,null,null,null,null,null,null,127.73903724430416,564.137600807309,57.480439450981,622.3145775291135,167.38266961189402,-6.629452540402127,0.10910593842766159,167.38266961189402,-6.629452540402127,0.10910593842766159,167.38266961189402,-6.629452540402127,0.10910593842766159,167.38266961189402,-6.629452540402127,0.10910593842766159,12.0,17.335609556257843,8.105515037049183E8,0.0,0.0,3808822.57602025,0.0,0.0,0.0,0.0,0.0,0.0,-43.00232048829788,16483.528769156335,225416.50673499313,474.7804826811999,5325188.091506709,1.649383002335199,-0.40342123235268423,10.0,94.0,1165.8966,-1423.2056
Finger1,null,null,null,null,null,null,null,null,null,null,null,null,null,null,null,null,null,null,null,null,null,null,null,null,null,null,null,null,null,null,null,null,null,null,null,null,null,null,null,173.85154717355647,380.9261860237111,131.22674198167246,434.80911862239356,75.53802918955489,65.33749113205727,-3.2914481253881505,75.53802918955489,65.33749113205727,-3.2914481253881505,75.53802918955489,65.33749113205727,-3.2914481253881505,75.53802918955489,65.33749113205727,-3.2914481253881505,1.0,1.753722625361321,1.3524766699691718E7,0.0,0.3555730292042237,8530167.652021386,1.0,0.8393644585249554,4.7107807246529065E7,0.0,0.0,0.0,497.39685184210526,5666.269442495045,132293.11248417536,363.7212015873908,1882645.0234253686,-0.9930916802726153,-0.48151472290111375,1.0,19.0,1015.1367,-126.38855
Finger1,null,null,null,null,null,null,null,null,null,null,null,null,null,null,null,null,null,null,null,null,null,null,null,null,null,null,null,null,null,null,null,null,null,null,null,null,null,null,null,256.4933948758346,552.6531182856974,71.7195163795198,605.2416170991573,252.91015802281117,32.09829464110123,-1.011749311712574,252.91015802281117,32.09829464110123,-1.011749311712574,252.91015802281117,32.09829464110123,-1.011749311712574,252.91015802281117,32.09829464110123,-1.011749311712574,2.0,3.6221735774159476,5.058840413715511E8,0.0,0.0,4499116.540766411,1.0,0.8387313214123661,9.446790690648499E7,0.0,0.0,0.0,-97.70355013333337,12894.547550391555,825291.2247699377,908.4554060436526,6312758.7525959285,-1.403879704642672,0.1642474926032314,2.0,30.0,1327.1301,-1321.7926
Finger1,null,null,null,null,null,null,null,null,null,null,null,null,null,null,null,null,null,null,null,null,null,null,null,null,null,null,null,null,null,null,null,null,null,null,null,null,null,null,null,65.93517224809975,251.34591265987015,80.60329195663647,299.85796499981456,62.00506108947866,24.03015117892369,-0.8713829482951727,62.00506108947866,24.03015117892369,-0.8713829482951727,62.00506108947866,24.03015117892369,-0.8713829482951727,62.00506108947866,24.03015117892369,-0.8713829482951727,2.0,3.8538720242639566,7.282134171150082E7,0.0,0.0,872668.8433228516,1.0,0.8498585120354043,1.9695535063596047E7,0.0,0.0,0.0,-11.11661507692305,4607.539932765832,145822.6510055209,381.8673212066213,926356.3007846217,-1.1291170744757244,0.6359271231440651,2.0,26.0,698.1079,-416.62903
Finger1,120.92830861202944,395.0072003006507,219.311506309523,437.75235278049655,304.2344299479605,5.229053782903691,-0.10895743588479956,304.2344299479605,5.229053782903691,-0.10895743588479956,304.2344299479605,5.229053782903691,-0.10895743588479956,304.2344299479605,5.229053782903691,-0.10895743588479956,7.0,9.01067235591841,9.54339533716629E8,0.0,0.7983408693045019,3.6872711102082305E7,1.0,0.8337601870971725,4.8815327605413735E7,0.0,0.0,0.0,-244.21304594230767,17793.519450375075,503708.94517132436,709.724555846368,7208661.781977263,-1.2006644762975571,0.18542432594350108,4.0,52.0,1032.3578,-1445.9656,124.32532898239883,329.70298904000333,122.5364955792635,357.6147463323235,189.04136064984698,-4.741275810173306,0.030645411650225912,189.04136064984698,-4.741275810173306,0.030645411650225912,189.04136064984698,-4.741275810173306,0.030645411650225912,189.04136064984698,-4.741275810173306,0.030645411650225912,0.0,0.0,0.0,0.0,NaN,0.0,1.0,0.8348019072257991,2.9853313129371412E7,0.0,0.0,0.0,-62.59703784063288,10972.470384250602,43692.24696962489,209.0269048941425,1907200.3396043917,5.343157456351303,-2.2196029538825974,21.0,158.0,263.65356,-906.9763
Finger1,null,null,null,null,null,null,null,null,null,null,null,null,null,null,null,null,null,null,null,null,null,null,null,null,null,null,null,null,null,null,null,null,null,null,null,null,null,null,null,96.15757309525468,304.52104619243056,137.22429664744058,330.5922224514534,152.47675855663942,65.45673174722936,-6.73645800756762,152.47675855663942,65.45673174722936,-6.73645800756762,152.47675855663942,65.45673174722936,-6.73645800756762,152.47675855663942,65.45673174722936,-6.73645800756762,1.0,1.5142748597812403,104178.93052319376,0.0,NaN,0.0,1.0,0.8282814320705559,2.7323240627903324E7,0.0,0.0,0.0,339.1174301583333,2741.2176476923573,129286.51806015807,359.5643448121046,702233.3915488857,-1.4253505874979666,-0.4593434298806396,1.0,12.0,728.421,-301.8219
Finger1,165.83901827002555,407.39027632008026,182.02240670361562,448.18432003194886,287.0774335064193,-6.090026584194817,0.03836254281846996,287.0774335064193,-6.090026584194817,0.03836254281846996,287.0774335064193,-6.090026584194817,0.03836254281846996,287.0774335064193,-6.090026584194817,0.03836254281846996,0.0,0.0,0.0,0.0,0.3572187254421631,9261131.835142963,1.0,0.8281590483163909,5.2877409682954594E7,0.0,0.0,0.0,29.90288161638417,26264.399434752493,143999.41826199272,379.4725527123045,6433772.347455127,0.5588645935128129,-0.06932038625943174,9.0,177.0,1070.4254,-1041.0187,null,null,null,null,null,null,null,null,null,null,null,null,null,null,null,null,null,null,null,null,null,null,null,null,null,null,null,null,null,null,null,null,null,null,null,null,null,null,null
Finger1,null,null,null,null,null,null,null,null,null,null,null,null,null,null,null,null,null,null,null,null,null,null,null,null,null,null,null,null,null,null,null,null,null,null,null,null,null,null,null,85.94028706373693,283.11122907485935,280.5271740391978,332.5907155471706,640.7802146792308,-38.86743921414171,0.6939980979967721,640.7802146792308,-38.86743921414171,0.6939980979967721,640.7802146792308,-38.86743921414171,0.6939980979967721,640.7802146792308,-38.86743921414171,0.6939980979967721,6.0,8.571418353499006,1.3813117228437908E9,0.0,0.3339900885759022,9945647.216530513,1.0,0.8365146312933035,2.5341102276346102E7,0.0,0.0,0.0,131.6167999914893,11357.538567814354,396247.88095111237,629.4822324348102,4593652.596749958,-0.21264263662129057,0.6562992161003905,2.0,47.0,1584.0363,-731.8451
Finger1,62.998203153698874,349.2277505210978,122.14667856903394,406.6701966185167,322.9354533036062,-12.399503497704643,0.23072596918119537,322.9354533036062,-12.399503497704643,0.23072596918119537,322.9354533036062,-12.399503497704643,0.23072596918119537,322.9354533036062,-12.399503497704643,0.23072596918119537,5.0,7.732759968262635,5.107567586474773E8,0.0,0.35489541900743404,7684861.871718781,0.0,0.0,0.0,6.0,8.791810775075776,2.316044406102601E8,-57.981211264150936,11156.9767020926,229977.56159363638,479.55975810490645,3037334.6045658956,-0.6460766631278334,0.33103872798506395,4.0,53.0,909.1919,-911.5082,209.95007613879892,386.58832552702546,180.71410008323448,438.19176384145936,398.93376003632636,-95.46946515290892,11.009118508323127,281.5867610826306,-15.065924749370964,0.29401055425606737,281.5867610826306,-15.065924749370964,0.29401055425606737,281.5867610826306,-15.065924749370964,0.29401055425606737,7.0,9.223183009946004,5.828505731629903E8,0.0,0.3562269077078227,9495843.79497306,1.0,0.834917096612727,4.5593192094931565E7,0.0,0.0,0.0,26.51641878333339,10870.999875705429,197539.33432956287,444.45397324083274,2966639.0187288066,-0.4217962117707481,0.3405645667097984,6.0,60.0,946.45386,-797.90955
Finger1,null,null,null,null,null,null,null,null,null,null,null,null,null,null,null,null,null,null,null,null,null,null,null,null,null,null,null,null,null,null,null,null,null,null,null,null,null,null,null,45.4173919674573,326.6456862720173,118.83629420303221,418.10513542139813,332.81410521952563,-121.46308334968853,12.547121580856967,0.0,0.0,0.0,0.0,0.0,0.0,332.81410521952563,-121.46308334968853,12.547121580856967,1.0,1.197413849202614,620928.5795514598,0.0,0.0,1530160.1925726733,1.0,0.8608995022067677,2.8718277943101965E7,0.0,0.0,0.0,388.04234064285714,3314.0224925710404,162965.67326117272,403.6900707983449,1041485.7966238594,-1.3627501932753339,0.12230819543309253,1.0,14.0,1033.7677,-228.50647
Finger1,null,null,null,null,null,null,null,null,null,null,null,null,null,null,null,null,null,null,null,null,null,null,null,null,null,null,null,null,null,null,null,null,null,null,null,null,null,null,null,173.70648654627394,402.81737383742524,138.83339445285827,450.7049477888757,165.08155288515218,92.06137300931755,-7.288404712425347,165.08155288515218,92.06137300931755,-7.288404712425347,165.08155288515218,92.06137300931755,-7.288404712425347,165.08155288515218,92.06137300931755,-7.288404712425347,1.0,1.0643653448260513,696671.6262139122,0.0,0.3531677301265649,8978871.25177465,1.0,0.8304096475648406,5.275666347618149E7,0.0,0.0,0.0,497.1306990714285,4719.5232264144925,252155.68841335224,502.15106134842756,1757551.9232355661,-1.4840633412791226,-0.4826201931111244,1.0,14.0,1070.929,-357.2113
Finger1,null,null,null,null,null,null,null,null,null,null,null,null,null,null,null,null,null,null,null,null,null,null,null,null,null,null,null,null,null,null,null,null,null,null,null,null,null,null,null,16.930360781391187,160.5319940903246,87.48803907596673,191.4786635122554,79.26632779832323,18.225822427306014,-0.811642347722616,79.26632779832323,18.225822427306014,-0.811642347722616,79.26632779832323,18.225822427306014,-0.811642347722616,79.26632779832323,18.225822427306014,-0.811642347722616,11.0,16.73081653444881,1.3601992444852304E8,0.0,0.7806959321775727,6532186.669533463,3.0,3.946164757284753,5.83591679203496E7,0.0,0.0,0.0,31.17217987772731,9473.386821981532,37806.720697603145,194.4395039532943,1263001.340939128,0.22294072181885083,-0.15562992414173815,11.0,132.0,391.2506,-492.05933
Finger1,112.37117365752111,393.39984760587174,93.34566286579634,405.17046570384264,431.0323407671972,18.7128294906297,-10.06136780777615,431.0323407671972,18.7128294906297,-10.06136780777615,431.0323407671972,18.7128294906297,-10.06136780777615,431.0323407671972,18.7128294906297,-10.06136780777615,0.0,0.0,0.0,0.0,0.3572680610867459,7156393.204215159,1.0,0.8393996972834388,4.597452531819573E7,0.0,0.0,0.0,37.25289052972973,18525.463051424842,147061.02903466581,383.48537003993493,4121324.848563807,-0.6443289284830178,0.6225933509535234,6.0,111.0,962.1643,-603.14026,179.0733844903901,490.0108331833907,249.09419637041523,542.3078993413991,265.71686479425216,94.77774570204906,-7.683815366045408,265.71686479425216,94.77774570204906,-7.683815366045408,265.71686479425216,94.77774570204906,-7.683815366045408,265.71686479425216,94.77774570204906,-7.683815366045408,2.0,1.669166712531192,324663.6410659361,0.0,0.33388532240290686,2.609130216847915E7,1.0,0.8313596411458454,7.221237719986703E7,0.0,0.0,0.0,-695.6439186666667,6138.34367675003,292660.2640320351,540.9808351799859,2822166.642396964,-0.8779730160891668,0.779567021330153,1.0,15.0,414.71558,-1217.7612
Finger1,120.03012511308897,425.66769875481276,154.2791575590726,470.4235731009188,466.7445649625695,0.0,0.0,75.2350796826538,2.523157405061653,-0.010299542400394934,75.2350796826538,2.523157405061653,-0.010299542400394934,75.2350796826538,2.523157405061653,-0.010299542400394934,23.0,34.58020708539118,1.0606033900078815E10,0.0,NaN,0.0,0.0,0.0,0.0,0.0,0.0,0.0,-27.015358087283236,32932.996597554964,283451.9872433691,532.4020916970265,1.2254200598928887E7,1.5047510553744115,0.5729827592112146,12.0,173.0,1680.9174,-1257.9437,74.68967870152046,268.6107103362121,126.07085200493265,296.78673793453055,308.2605374363151,-4.7481536865234375,-4.74815559387207,135.11334468627842,58.2630981430525,-5.607493936791279,135.11334468627842,58.2630981430525,-5.607493936791279,135.11334468627842,58.2630981430525,-5.607493936791279,3.0,2.2917842789883744,73729.13346045118,0.0,0.0,976832.4807146895,0.0,0.0,0.0,1.0,1.7208538594542029,4.7357487367303215E7,-329.6792801153846,2656.124078516519,95423.08064811863,308.9062651486995,626490.9175183646,-1.2117029548043932,0.5585776307842747,1.0,13.0,244.92188,-670.4132
Finger1,null,null,null,null,null,null,null,null,null,null,null,null,null,null,null,null,null,null,null,null,null,null,null,null,null,null,null,null,null,null,null,null,null,null,null,null,null,null,null,214.44762999649672,460.4306546632366,49.30180590345715,481.337344564394,24.636879311315624,4.278517458895806,0.04141579053416766,24.636879311315624,4.278517458895806,0.04141579053416766,24.636879311315624,4.278517458895806,0.04141579053416766,24.636879311315624,4.278517458895806,0.04141579053416766,5.0,7.6092836731904,3.966902368271943E8,0.0,0.0,2062372.2094886682,1.0,0.850265044685714,6.623688819121832E7,0.0,0.0,0.0,-20.37544763389834,11537.75353833921,250598.74402897316,500.5983859632122,3797171.278874798,0.18101679409006888,0.1335318026670783,3.0,59.0,1151.3947,-1064.9872
Finger1,null,null,null,null,null,null,null,null,null,null,null,null,null,null,null,null,null,null,null,null,null,null,null,null,null,null,null,null,null,null,null,null,null,null,null,null,null,null,null,65.52810526025311,372.0355130379412,190.07630721915706,408.02135236782124,202.96433570422414,80.21178660753469,-8.728618408474887,202.96433570422414,80.21178660753469,-8.728618408474887,202.96433570422414,80.21178660753469,-8.728618408474887,202.96433570422414,80.21178660753469,-8.728618408474887,3.0,2.031606777609648,99838.05823297598,0.0,0.0,0.0,1.0,0.8306968110272719,4.0985579785400406E7,0.0,0.0,0.0,445.3895560833334,3312.869031889334,174131.82070836917,417.29105035738445,1056353.0649203854,-1.4340073315572133,-0.501199653911465,1.0,12.0,864.37683,-296.58508
Finger1,141.91829959080022,461.1445574733533,333.97413292448533,686.4977861492738,437.57106041423776,58.220925606835635,-3.3546051335112494,437.57106041423776,58.220925606835635,-3.3546051335112494,437.57106041423776,58.220925606835635,-3.3546051335112494,437.57106041423776,58.220925606835635,-3.3546051335112494,3.0,2.1411379397150143,589312.8621912941,1.0,1.7842928492013927,6.917207196643705E8,0.0,0.0,0.0,2.0,3.8192405872086064,1.837994095761487E9,-950.0180559826091,12063.302090757465,357809.36625364196,598.1716862687852,7020983.849680615,1.0304663841665844,1.4015946939965231,1.0,23.0,694.68384,-1527.4384,null,null,null,null,null,null,null,null,null,null,null,null,null,null,null,null,null,null,null,null,null,null,null,null,null,null,null,null,null,null,null,null,null,null,null,null,null,null,null
Finger1,14.402899857007498,209.28009186745447,149.55667930792893,230.0295181388595,264.63504152211226,0.18008829993149789,-0.07109567308536802,264.63504152211226,0.18008829993149789,-0.07109567308536802,264.63504152211226,0.18008829993149789,-0.07109567308536802,264.63504152211226,0.18008829993149789,-0.07109567308536802,5.0,7.951414038052201,3.755553396102167E8,0.0,0.0,0.0,0.0,0.0,0.0,0.0,0.0,0.0,169.38296972745098,10674.21793549718,191237.35178508385,437.3069308678789,2719268.043425643,-1.3439367015502508,-0.039882020917124006,2.0,51.0,946.051,-493.67065,38.60368003942819,248.4210923960108,86.5238007845653,280.2571647081098,248.631651567939,-69.7442021379789,5.573034919365327,248.631651567939,-69.7442021379789,5.573034919365327,248.631651567939,-69.7442021379789,5.573034919365327,101.06118883371096,19.250649848261844,-0.7803321824506089,0.0,0.0,0.0,0.0,0.0,0.0,1.0,0.8668428417067727,1.872411127093113E7,4.0,4.736148919544143,2.031829692071747E7,-53.503067076923074,4572.716803332556,142222.81888256606,377.12440769932414,909090.5409993404,-0.7873286776495894,0.7812631187028257,2.0,26.0,750.37537,-448.75488
Finger1,null,null,null,null,null,null,null,null,null,null,null,null,null,null,null,null,null,null,null,null,null,null,null,null,null,null,null,null,null,null,null,null,null,null,null,null,null,null,null,99.48485841910406,357.402839934094,64.42082689536599,383.43506356931215,23.542586860650317,30.715077364656963,-1.03606525169765,23.542586860650317,30.715077364656963,-1.03606525169765,23.542586860650317,30.715077364656963,-1.03606525169765,23.542586860650317,30.715077364656963,-1.03606525169765,2.0,2.3629684681462972,3842341.9223150425,0.0,NaN,0.0,0.0,0.0,0.0,0.0,0.0,0.0,-164.4824473478261,4380.5264410960435,163934.92238759116,404.8887777990286,1079058.4349786662,-1.3187577295289656,-0.41439164270669354,2.0,23.0,350.66528,-872.5342
Finger1,null,null,null,null,null,null,null,null,null,null,null,null,null,null,null,null,null,null,null,null,null,null,null,null,null,null,null,null,null,null,null,null,null,null,null,null,null,null,null,151.25283344339866,471.08583772405035,108.07396912958882,500.4152372390972,258.27048905060656,15.984774441035484,-0.5852198966799911,258.27048905060656,15.984774441035484,-0.5852198966799911,258.27048905060656,15.984774441035484,-0.5852198966799911,258.27048905060656,15.984774441035484,-0.5852198966799911,3.0,4.058914838065303,2.670283890341602E8,0.0,0.0,2125911.377194292,1.0,0.85925721489812,6.3919711451080896E7,0.0,0.0,0.0,6.510051785714235,9218.244550718793,514260.66419788497,717.1197000486634,3551971.8116728165,-1.236737036827425,0.006733655587437445,2.0,28.0,1207.0862,-1091.1713
Finger1,44.68666949770822,304.05610213719484,92.70863065337478,345.46395891206583,162.13424084157396,4.64648747864922,-0.04387426439080744,162.13424084157396,4.64648747864922,-0.04387426439080744,162.13424084157396,4.64648747864922,-0.04387426439080744,0.0,0.0,0.0,0.0,0.0,0.0,1.0,0.9118096858705815,5.2073221506460644E7,1.0,1.7958106951375996,9.485746497048256E7,0.0,0.0,0.0,-55.174379328828856,26631.91449638985,343128.3343815582,585.771571844826,9523868.246116998,-0.040594394100128994,-0.07910488165639053,7.0,111.0,1324.8138,-1452.6123,null,null,null,null,null,null,null,null,null,null,null,null,null,null,null,null,null,null,null,null,null,null,null,null,null,null,null,null,null,null,null,null,null,null,null,null,null,null,null
Finger1,null,null,null,null,null,null,null,null,null,null,null,null,null,null,null,null,null,null,null,null,null,null,null,null,null,null,null,null,null,null,null,null,null,null,null,null,null,null,null,105.0029413468017,273.76491561095844,97.42510555878421,295.7191191885079,175.91846492554828,1.0816964669032245,-0.008463033711390011,175.91846492554828,1.0816964669032245,-0.008463033711390011,175.91846492554828,1.0816964669032245,-0.008463033711390011,175.91846492554828,1.0816964669032245,-0.008463033711390011,2.0,3.8032108812914567,8.735999781496467E7,0.0,0.355815018982622,3783492.486306556,0.0,0.0,0.0,0.0,0.0,0.0,9.488581375000033,6077.761367822933,174210.29781981336,417.38507139069236,1380853.10140808,-1.2989408810675025,0.11236722412731372,1.0,32.0,713.51624,-660.94666
Finger1,null,null,null,null,null,null,null,null,null,null,null,null,null,null,null,null,null,null,null,null,null,null,null,null,null,null,null,null,null,null,null,null,null,null,null,null,null,null,null,81.84411755887963,251.71144826695328,98.22181059611687,281.5607006598827,111.86217471116402,57.52987468998913,-5.321561635956975,111.86217471116402,57.52987468998913,-5.321561635956975,111.86217471116402,57.52987468998913,-5.321561635956975,111.86217471116402,57.52987468998913,-5.321561635956975,0.0,0.74898460036442,446854.53850237373,0.0,0.0,0.0,1.0,0.8455345577223737,1.868283545329968E7,0.0,0.0,0.0,335.55907784615385,2482.5234348108706,54316.87778735548,233.05981590002915,545232.808033288,-1.5801824318221627,-0.01035820714305374,1.0,13.0,656.91833,-28.903198
Finger1,null,null,null,null,null,null,null,null,null,null,null,null,null,null,null,null,null,null,null,null,null,null,null,null,null,null,null,null,null,null,null,null,null,null,null,null,null,null,null,41.93514483198221,229.11847230856307,74.21917165882829,261.7937132968268,119.1841268658286,-4.969572232855214,0.07768060149773093,231.8878948062503,-71.80570316012097,6.646490363392175,231.8878948062503,-71.80570316012097,6.646490363392175,231.8878948062503,-71.80570316012097,6.646490363392175,11.0,16.3118327911298,2.371531473053365E8,0.0,0.0,347562.9297163024,0.0,0.0,0.0,0.0,0.0,0.0,-24.35094106582277,6629.436479058085,46409.636034059185,215.42895820678143,915724.8724481547,1.4618616792749703,0.824487002117345,6.0,79.0,688.74207,-372.1161
Finger1,99.13886195950771,328.8363840185228,173.04219481883993,382.9768219401521,398.78492219146983,7.264344738313412,-6.05296467779749,398.78492219146983,7.264344738313412,-6.05296467779749,398.78492219146983,7.264344738313412,-6.05296467779749,398.78492219146983,7.264344738313412,-6.05296467779749,11.0,16.509210486131167,2.502745348094385E9,0.0,0.3336039038861217,1.3127254032483622E7,1.0,0.842238999658529,3.4448132133423515E7,0.0,0.0,0.0,-30.841567721958743,21391.33234355466,267701.4514154863,517.3987354212284,6432225.133690949,-0.6508588102455017,0.38067229430103583,8.0,97.0,1112.32,-866.391,61.132505888066675,214.7847664259686,70.05713089524583,234.7398285893614,70.4974745776467,20.441664176987558,-0.8407040011262783,70.4974745776467,20.441664176987558,-0.8407040011262783,70.4974745776467,20.441664176987558,-0.8407040011262783,70.4974745776467,20.441664176987558,-0.8407040011262783,1.0,1.666540485635258,1.870422583837789E7,0.0,0.350267889706022,2343190.8427865496,0.0,0.0,0.0,0.0,0.0,0.0,-46.006773887499996,3698.6346025470193,109419.83515327248,330.78669131824586,647146.4871265942,-1.55735602801861,-0.2548092751902758,2.0,24.0,363.4552,-533.65173
Finger1,null,null,null,null,null,null,null,null,null,null,null,null,null,null,null,null,null,null,null,null,null,null,null,null,null,null,null,null,null,null,null,null,null,null,null,null,null,null,null,34.895325,228.69786467586354,76.41598878170302,239.43609626689516,0.0,0.0,0.0,232.69321417931462,-68.09062831863798,5.432667509588654,232.69321417931462,-68.09062831863798,5.432667509588654,0.0,0.0,0.0,16.0,19.37890040687436,8.977455337937547E7,0.0,0.3617309961001239,1594726.856589174,1.0,0.8409549172727019,1.4205946674658583E7,0.0,0.0,0.0,-54.086494020833335,9349.012912030385,48144.21447694423,219.41789917174995,1213731.1343766653,-0.18729753285957562,-0.15468977235702222,7.0,96.0,410.18372,-668.0969
Finger1,null,null,null,null,null,null,null,null,null,null,null,null,null,null,null,null,null,null,null,null,null,null,null,null,null,null,null,null,null,null,null,null,null,null,null,null,null,null,null,147.58914773289285,450.77061951305046,142.08307240795477,525.1653358894421,146.85030274844758,112.92479222000588,-9.017982931715594,146.85030274844758,112.92479222000588,-9.017982931715594,146.85030274844758,112.92479222000588,-9.017982931715594,146.85030274844758,112.92479222000588,-9.017982931715594,2.0,1.9345439818407073,139171.68290391128,0.0,0.0,3492180.9651488396,0.0,0.0,0.0,0.0,0.0,0.0,531.1052660714284,4946.332310892241,297723.5035578207,545.6404526405834,2002489.4532127688,-1.5664297702756098,-0.35185008965254794,1.0,14.0,1219.3726,-283.49304
Finger1,null,null,null,null,null,null,null,null,null,null,null,null,null,null,null,null,null,null,null,null,null,null,null,null,null,null,null,null,null,null,null,null,null,null,null,null,null,null,null,43.9368575004346,273.87466129040246,62.11620257961933,310.88927406933533,74.4819396732239,-0.8273917755623685,0.0036537083333445797,74.4819396732239,-0.8273917755623685,0.0036537083333445797,74.4819396732239,-0.8273917755623685,0.0036537083333445797,74.4819396732239,-0.8273917755623685,0.0036537083333445797,0.0,0.0,0.0,0.0,0.0,748889.3463022448,1.0,0.8577747379382833,2.241768838520196E7,0.0,0.0,0.0,-14.53563354513245,18266.76638020099,27128.491498852807,164.70729036339833,2062068.6704036503,3.3480197533611626,-0.898003186266297,34.0,302.0,470.60852,-755.00793
Finger1,119.79068175200739,324.5274600234176,133.66950612394734,369.72664663242574,180.6999286727978,0.18815224976839318,0.007749769484757474,180.6999286727978,0.18815224976839318,0.007749769484757474,180.6999286727978,0.18815224976839318,0.007749769484757474,180.6999286727978,0.18815224976839318,0.007749769484757474,14.0,18.820579186384506,7.152802755936191E8,0.0,0.0,0.0,1.0,0.8377268095186163,3.2422684748333327E7,0.0,0.0,0.0,-36.672525401960755,22101.75486867116,240703.79631181367,490.6157318225881,6134957.621326979,-0.8800961284178594,-0.23844081284757837,6.0,102.0,871.225,-1069.7205,50.68061382847627,230.55925414876012,141.91060723831546,291.81523337488727,303.2490710771149,-2.491610926955218,-3.809438597846224,303.2490710771149,-2.491610926955218,-3.809438597846224,303.2490710771149,-2.491610926955218,-3.809438597846224,193.36889722203819,-1.2206116011161612,0.005390222874143424,27.0,36.48601676916852,2.359469947975797E9,0.0,0.33421601878652263,7799174.336177766,1.0,0.8294840254130291,1.6677312905606598E7,0.0,0.0,0.0,-46.47087693006136,23113.165812048297,114431.53113056427,338.2772991652917,4716365.86092767,0.2322694066728066,0.1674346172446114,17.0,163.0,847.6593,-846.85364
Finger1,null,null,null,null,null,null,null,null,null,null,null,null,null,null,null,null,null,null,null,null,null,null,null,null,null,null,null,null,null,null,null,null,null,null,null,null,null,null,null,37.09115734472418,190.1250866869891,62.86053579623444,169.79589131731817,193.7276643853311,-51.230271227483684,3.802169579740294,193.7276643853311,-51.230271227483684,3.802169579740294,193.7276643853311,-51.230271227483684,3.802169579740294,193.7276643853311,-51.230271227483684,3.802169579740294,2.0,1.9467714608517677,56986.528784023,1.0,0.923634931067804,1.388431189266949E7,0.0,0.0,0.0,0.0,0.0,0.0,-272.0850622611112,2702.810320538969,35263.44337898537,187.78563144976076,484994.6512594595,-1.3602652257023247,0.4017162742048996,1.0,18.0,45.41931,-526.9043
Finger1,187.89193540349336,415.6328395534243,122.76454710795927,467.41746772972067,168.40779679861498,6.688971792969596,-0.035674410136536494,168.40779679861498,6.688971792969596,-0.035674410136536494,0.0,0.0,0.0,168.40779679861498,6.688971792969596,-0.035674410136536494,3.0,4.225743848111741,4.95393819963088E8,0.0,0.7962428041890302,4.18204725055118E7,0.0,0.0,0.0,0.0,0.0,0.0,-15.408324418604641,12368.947009732863,380309.9206323793,616.6927278899755,4135821.7320625335,-1.3553455263943597,-0.38939036237177455,4.0,43.0,835.57434,-1051.0895,null,null,null,null,null,null,null,null,null,null,null,null,null,null,null,null,null,null,null,null,null,null,null,null,null,null,null,null,null,null,null,null,null,null,null,null,null,null,null
Finger1,null,null,null,null,null,null,null,null,null,null,null,null,null,null,null,null,null,null,null,null,null,null,null,null,null,null,null,null,null,null,null,null,null,null,null,null,null,null,null,132.74695872274367,379.49348747931737,89.58810247780643,431.79497487491284,163.7455364530167,-2.104922144231981,0.010615640499223644,163.7455364530167,-2.104922144231981,0.010615640499223644,163.7455364530167,-2.104922144231981,0.010615640499223644,163.7455364530167,-2.104922144231981,0.010615640499223644,27.0,35.1816665231505,1.3825590649402199E9,0.0,0.0,2190712.5575492484,1.0,0.8457753180721123,4.394928632599753E7,0.0,0.0,0.0,-32.114825099571426,20730.825097113207,75142.19063829283,274.12075922536917,4019753.261194228,2.347048703133396,-0.5943813126136572,17.0,210.0,875.354,-965.5884
Finger1,103.44853966486527,429.8222871262287,210.3096224811508,492.7609554142483,231.13019969783272,92.09847932873913,-9.015181781772668,231.13019969783272,92.09847932873913,-9.015181781772668,231.13019969783272,92.09847932873913,-9.015181781772668,231.13019969783272,92.09847932873913,-9.015181781772668,1.0,1.8324048192376918,193393.71887066704,0.0,0.0,2771907.99306304,1.0,0.8470557336737226,5.620327478243267E7,0.0,0.0,0.0,-539.6244959230769,4328.505827872538,251724.82104518043,501.72185625621336,1665687.688846882,-1.0415813960999005,0.5899278916545805,1.0,13.0,445.83435,-1126.117,39.53574281893976,313.54003408576943,112.87304525353406,333.0766282220098,130.41935533531205,68.20531253493368,-4.7935511738139525,130.41935533531205,68.20531253493368,-4.7935511738139525,130.41935533531205,68.20531253493368,-4.7935511738139525,130.41935533531205,68.20531253493368,-4.7935511738139525,1.0,0.9373974767636405,717647.5842107745,1.0,0.8756762562261831,3.218871126871822E7,1.0,0.852959331262791,2.7911231441218406E7,0.0,0.0,0.0,412.5947808823529,4321.898990729834,152954.17835958698,391.0935672695052,1312459.8107589756,-1.3941504340788793,-0.5143761324116914,1.0,17.0,873.33984,-264.76135
Finger1,null,null,null,null,null,null,null,null,null,null,null,null,null,null,null,null,null,null,null,null,null,null,null,null,null,null,null,null,null,null,null,null,null,null,null,null,null,null,null,105.56964601818834,300.39627122897963,67.09535514705983,303.7364174669468,68.24023674413047,46.836093111859896,-1.8979636110475226,68.24023674413047,46.836093111859896,-1.8979636110475226,68.24023674413047,46.836093111859896,-1.8979636110475226,68.24023674413047,46.836093111859896,-1.8979636110475226,0.0,0.0,0.0,1.0,1.7882908388811787,1.585484432505742E8,0.0,0.823107243484622,1.8986689940169234E7,0.0,0.0,0.0,-454.1850704399999,6456.812158710788,92823.16182204161,304.6689380656348,1872424.497447938,-0.8238465628298242,0.9429481841754014,2.0,25.0,205.94788,-663.7665
Finger1,265.5047904824379,515.0495919897644,68.12033172647469,598.7117914099024,516.7232255983399,-71.96889598671305,4.363115896845443,516.7232255983399,-71.96889598671305,4.363115896845443,516.7232255983399,-71.96889598671305,4.363115896845443,516.7232255983399,-71.96889598671305,4.363115896845443,27.0,36.34316685518941,1.398720924379614E9,0.0,0.35699417727599453,1.7499929657318998E7,1.0,0.8501895555603673,8.352059866497496E7,0.0,0.0,0.0,-3.5208389221739282,40536.04684722567,180682.67390453513,425.06784623696853,1.0596633503210584E7,0.47404952444566373,-0.37382318396550085,15.0,230.0,915.03296,-1309.8083,null,null,null,null,null,null,null,null,null,null,null,null,null,null,null,null,null,null,null,null,null,null,null,null,null,null,null,null,null,null,null,null,null,null,null,null,null,null,null
Finger1,null,null,null,null,null,null,null,null,null,null,null,null,null,null,null,null,null,null,null,null,null,null,null,null,null,null,null,null,null,null,null,null,null,null,null,null,null,null,null,27.649621373517057,215.78961064364506,101.99591247985312,231.1119440331831,167.66578827214266,-1.715559369204236,0.007538645546219247,167.66578827214266,-1.715559369204236,0.007538645546219247,167.66578827214266,-1.715559369204236,0.007538645546219247,167.66578827214266,-1.715559369204236,0.007538645546219247,0.0,0.0,0.0,0.0,0.0,445949.89490704,1.0,0.827903980753629,1.2864201609226702E7,0.0,0.0,0.0,-9.503971770275228,21828.195635401276,59370.2644548153,243.66014129277545,3218258.860948775,0.5984049637039437,0.38492522426388903,17.0,218.0,832.5531,-558.4259
Finger1,43.53840901367174,236.1317056038358,159.54227334036125,262.86126812532297,287.8408969208756,14.23589425800401,-5.269971698577592,287.8408969208756,14.23589425800401,-5.269971698577592,0.0,0.0,0.0,287.8408969208756,14.23589425800401,-5.269971698577592,5.0,7.950380929088387,5.476919927504754E8,0.0,0.0,0.0,2.0,3.473236836838262,2.3206372750911617E8,5.0,7.800620475725712,2.5111226563936224E9,-330.27694680083346,11343.919484824146,84484.15365444405,290.6615792540253,2855107.8706797226,-1.0700288590580485,0.2259817517633608,3.0,60.0,167.57812,-913.2202,null,null,null,null,null,null,null,null,null,null,null,null,null,null,null,null,null,null,null,null,null,null,null,null,null,null,null,null,null,null,null,null,null,null,null,null,null,null,null
Finger1,null,null,null,null,null,null,null,null,null,null,null,null,null,null,null,null,null,null,null,null,null,null,null,null,null,null,null,null,null,null,null,null,null,null,null,null,null,null,null,20.47150061634705,254.27147670795213,105.3913467894644,275.7549504411922,101.26207730213491,65.07956397171057,-6.344385276873581,101.26207730213491,65.07956397171057,-6.344385276873581,101.26207730213491,65.07956397171057,-6.344385276873581,101.26207730213491,65.07956397171057,-6.344385276873581,3.0,1.9170686624515858,56052.70859288994,0.0,0.0,641974.176067068,0.0,0.0,0.0,0.0,0.0,0.0,291.95251896923077,2268.762565765967,81092.52010920497,284.76748429061377,506406.7406839742,-1.491990796980245,-0.16929580806866534,1.0,13.0,672.5281,-178.35388
Finger1,117.4130531768693,380.33016541939026,114.0481332886398,436.4628969838245,245.91018595531068,-4.919083011582231,0.04864465410151375,245.91018595531068,-4.919083011582231,0.04864465410151375,245.91018595531068,-4.919083011582231,0.04864465410151375,245.91018595531068,-4.919083011582231,0.04864465410151375,13.0,17.521066033231172,2.494086013025418E9,0.0,0.0,0.0,1.0,2.0411377259796795,2.8864493951778233E7,0.0,0.0,0.0,2.4231753837719263,20057.84394856435,164248.55809988204,405.2759036753629,4684868.209524946,-0.5038199543826174,-0.09220050272706896,5.0,114.0,768.90564,-975.7599,null,null,null,null,null,null,null,null,null,null,null,null,null,null,null,null,null,null,null,null,null,null,null,null,null,null,null,null,null,null,null,null,null,null,null,null,null,null,null
Finger1,null,null,null,null,null,null,null,null,null,null,null,null,null,null,null,null,null,null,null,null,null,null,null,null,null,null,null,null,null,null,null,null,null,null,null,null,null,null,null,89.95260500601353,290.49505927777716,55.98230783238129,331.9185263519422,166.42501259585015,-1.8683363082183746,0.05739382419942096,166.42501259585015,-1.8683363082183746,0.05739382419942096,166.42501259585015,-1.8683363082183746,0.05739382419942096,166.42501259585015,-1.8683363082183746,0.05739382419942096,6.0,8.50983176657267,3.6203356679867905E8,0.0,0.35712768237472187,5200482.649988936,1.0,0.852990207440371,2.5662523560828198E7,0.0,0.0,0.0,9.437035444655182,10201.050485134914,149631.525834385,386.8223440216258,2151423.138168474,-1.1093544421695425,0.13476665135684393,5.0,58.0,772.83325,-605.8594
Finger1,null,null,null,null,null,null,null,null,null,null,null,null,null,null,null,null,null,null,null,null,null,null,null,null,null,null,null,null,null,null,null,null,null,null,null,null,null,null,null,80.88277306594986,339.0461654450053,115.82040146344492,347.39197610249084,370.51624258639123,-2.635242462158203,-2.6352462768554688,370.51624258639123,-2.635242462158203,-2.6352462768554688,370.51624258639123,-2.635242462158203,-2.6352462768554688,370.51624258639123,-2.635242462158203,-2.6352462768554688,5.0,7.722399880141414,1.3832842162515283E8,0.0,0.0,950143.02110784,1.0,0.8480243564749682,3.301151568409552E7,0.0,0.0,0.0,6.824167404761921,7015.795566039152,138237.43223057454,371.8029481197998,1422764.6025031132,-0.6144244332788169,0.8373416071351579,4.0,42.0,840.81116,-382.489
Finger1,null,null,null,null,null,null,null,null,null,null,null,null,null,null,null,null,null,null,null,null,null,null,null,null,null,null,null,null,null,null,null,null,null,null,null,null,null,null,null,169.48805575519575,484.8034761694435,216.73266662152076,519.9823090092881,245.00749090523686,101.17499869503422,-10.263314903378046,245.00749090523686,101.17499869503422,-10.263314903378046,485.7883884723867,-70.05508025139625,1.3062537965433876,0.0,0.0,0.0,3.0,2.085546865276436,338795.5522497067,0.0,0.0,0.0,0.0,0.0,0.0,0.0,0.0,0.0,540.05508,4424.402466075889,319556.2595722322,565.2930740529484,1802961.2530315206,-1.5077972039965377,-0.42179923464496527,1.0,12.0,1211.2152,-386.61804
Finger1,50.46181669163451,365.04610138692743,81.41254269093325,427.05367166864903,455.82924781850693,23.243388167777084,-15.638875732451652,455.82924781850693,23.243388167777084,-15.638875732451652,455.82924781850693,23.243388167777084,-15.638875732451652,455.82924781850693,23.243388167777084,-15.638875732451652,26.0,36.17945161346997,6.338718219654574E9,0.0,0.36955494735103317,5594294.106725944,1.0,0.8524743901336636,3.9575183107903585E7,0.0,0.0,0.0,13.588424084771574,40274.378462058616,254742.19750837606,504.7199198648455,1.2492664340162667E7,0.4305284363738555,0.5478925305334226,16.0,197.0,1531.6681,-1093.3868,100.23726814368301,443.2635614637282,237.08697270357857,496.11420130224315,489.9144881600292,0.0,0.0,402.51350586040724,-6.91593685610362,0.032126758848401826,455.4133142826298,-105.27303877638337,6.248787269987105,402.51350586040724,-6.91593685610362,0.032126758848401826,30.0,40.253199330495555,5.912577292470364E9,0.0,NaN,0.0,0.0,0.0,0.0,0.0,0.0,0.0,-58.90765140324327,24011.837876092133,149304.42745222335,386.39931088476766,6909154.635462804,3.0228842510712255,-1.2218175884717142,17.0,185.0,870.2179,-1528.5461
Finger1,null,null,null,null,null,null,null,null,null,null,null,null,null,null,null,null,null,null,null,null,null,null,null,null,null,null,null,null,null,null,null,null,null,null,null,null,null,null,null,108.22942817464005,280.87796484445676,68.65391294346578,312.00700078477615,74.79113863620069,70.90400338963991,-5.564260495160774,74.79113863620069,70.90400338963991,-5.564260495160774,74.79113863620069,70.90400338963991,-5.564260495160774,74.79113863620069,70.90400338963991,-5.564260495160774,1.0,0.9638497674084455,1023053.3265498525,0.0,0.0,1236807.6247693608,1.0,0.830180029789364,2.431976289739649E7,0.0,0.0,0.0,-373.27423128571434,2942.210904575291,64427.96220501607,253.82663809186,715759.2966756384,-1.8501814116524318,0.1034738092370007,0.0,14.0,-56.900024,-692.16614
Finger1,null,null,null,null,null,null,null,null,null,null,null,null,null,null,null,null,null,null,null,null,null,null,null,null,null,null,null,null,null,null,null,null,null,null,null,null,null,null,null,70.76366963779087,296.12918885165993,108.75103202974552,312.1914249123053,89.60644006432085,69.70351140732521,-5.6280708718812065,89.60644006432085,69.70351140732521,-5.6280708718812065,89.60644006432085,69.70351140732521,-5.6280708718812065,89.60644006432085,69.70351140732521,-5.6280708718812065,1.0,0.8734653032327927,911950.0017201161,0.0,0.0,860668.4061550656,0.0,0.0,0.0,0.0,0.0,0.0,368.67043357142853,2988.1196557924573,77784.29849522322,278.89836588840603,737070.6831210003,-1.193797301311887,-0.35428686219938593,1.0,14.0,758.3313,-126.28784
Finger1,99.45614301286898,302.49369149964866,263.9361078682018,318.75971631646155,583.2460563610639,-20.757112364569508,0.23930857978792908,0.0,0.0,0.0,583.2460563610639,-20.757112364569508,0.23930857978792908,583.2460563610639,-20.757112364569508,0.23930857978792908,13.0,16.965495966870613,3.1469870379233227E9,0.0,0.0,0.0,1.0,0.847590751179517,2.4906656961308487E7,0.0,0.0,0.0,-211.15886723076923,19185.903881428512,297436.5651962761,545.3774520424145,6520127.313430438,-0.6743654715028748,-0.4825217642137529,7.0,78.0,573.1293,-1412.4298,null,null,null,null,null,null,null,null,null,null,null,null,null,null,null,null,null,null,null,null,null,null,null,null,null,null,null,null,null,null,null,null,null,null,null,null,null,null,null
Finger1,null,null,null,null,null,null,null,null,null,null,null,null,null,null,null,null,null,null,null,null,null,null,null,null,null,null,null,null,null,null,null,null,null,null,null,null,null,null,null,70.00346159674483,219.6147936191161,87.49277066077438,244.43465519779107,162.59235499963074,-3.936322439793379,0.028175976406332404,162.59235499963074,-3.936322439793379,0.028175976406332404,162.59235499963074,-3.936322439793379,0.028175976406332404,162.59235499963074,-3.936322439793379,0.028175976406332404,19.0,31.78215406735453,7.563361203148857E8,0.0,0.3572516226553485,2536229.21035722,0.0,0.0,0.0,32.0,38.42233399663472,3.784599812284049E8,1.5002019055172489,10817.828196506136,40911.83607221421,202.26674484999805,1485119.6311563824,2.2252409228731285,0.24748670115931284,10.0,145.0,673.23303,-568.2953
Finger1,null,null,null,null,null,null,null,null,null,null,null,null,null,null,null,null,null,null,null,null,null,null,null,null,null,null,null,null,null,null,null,null,null,null,null,null,null,null,null,39.13803334565666,360.92392228903043,96.24688256378299,438.03746753241586,150.4481180507296,21.986295240439063,-0.8144949021108516,150.4481180507296,21.986295240439063,-0.8144949021108516,150.4481180507296,21.986295240439063,-0.8144949021108516,150.4481180507296,21.986295240439063,-0.8144949021108516,3.0,3.9377463523079417,1.2826401799273908E8,0.0,0.0,2683095.6300083776,0.0,0.0,0.0,0.0,0.0,0.0,25.665626629629674,6728.6059302789845,312985.06482092297,559.4506813124129,2038334.3712770494,-1.2547039523823007,0.33608866344441524,1.0,27.0,955.8197,-773.7396
Finger1,208.00688026161055,398.6340806099301,87.68869214359185,441.90137346033083,242.5567572038433,-3.469587583839356,0.014704821491755088,242.5567572038433,-3.469587583839356,0.014704821491755088,242.5567572038433,-3.469587583839356,0.014704821491755088,242.5567572038433,-3.469587583839356,0.014704821491755088,52.0,71.78860372377835,1.6131252332919851E10,1.0,0.8225418125061021,5.936759692353247E7,0.0,0.0,0.0,0.0,0.0,0.0,-17.81528375977863,35813.00571765089,150415.50056986342,387.83437259977796,1.0316269543828635E7,3.8348372527304866,0.9127928952551043,23.0,271.0,1549.7955,-1033.5663,146.54999529683468,410.3351298425268,168.91907349735183,483.84670058412087,280.61141318158775,-9.54421950212324,0.09871136154590943,280.61141318158775,-9.54421950212324,0.09871136154590943,280.61141318158775,-9.54421950212324,0.09871136154590943,280.61141318158775,-9.54421950212324,0.09871136154590943,14.0,18.197604193633083,1.0453312027751817E9,0.0,0.35383980351909894,1.20798996435135E7,1.0,0.8382144236319283,5.338943211449689E7,0.0,0.0,0.0,-127.53935956213593,14200.127299567928,126879.27382672894,356.2011704454787,3678642.0861621685,0.5421231175821086,-1.082554885491051,7.0,103.0,470.60852,-1054.4128
Finger1,56.12749182599753,262.55470894432085,118.71508081758259,273.3137003675897,246.9396236760606,-3.0319190490030508,0.021695057771904502,246.9396236760606,-3.0319190490030508,0.021695057771904502,246.9396236760606,-3.0319190490030508,0.021695057771904502,246.9396236760606,-3.0319190490030508,0.021695057771904502,23.0,35.26756912415897,4.7705425473785095E9,0.0,0.788654578383456,1.397908827514518E7,1.0,0.8317492086908788,1.832827605043635E7,0.0,0.0,0.0,-56.18273514829931,26502.3453114784,172776.5114725287,415.6639405487668,6411237.512482449,-0.7951570478430305,-0.01863818688977314,7.0,147.0,751.28174,-911.30676,161.21895053582213,384.9972435751841,66.77895302418695,432.3645343138163,252.92740647242363,-0.5212152543545585,0.03169965548428699,252.92740647242363,-0.5212152543545585,0.03169965548428699,252.92740647242363,-0.5212152543545585,0.03169965548428699,252.92740647242363,-0.5212152543545585,0.03169965548428699,5.0,8.370742536328967,2.997284524987174E8,0.0,0.0,1975093.5908748528,0.0,0.0,0.0,0.0,0.0,0.0,54.897575674418604,11216.256791726806,302743.3067773584,550.2211435208196,3306631.3193051782,-1.3028381628801748,-0.07452030942693506,3.0,43.0,1050.2838,-767.1936
